100000 100000 100000 99110 90597 84047 78739 74298 70502 67209 64323 61779 59525 57525 55751 54182 52801 51596 50557 49677 48951 48374 47944 47658 47516 47516 47658 47944 48374 48951 49677 50557 51596 52801 54182 55751 57525 59525 61779 64323 67209 70502 74298 78739 84047 90597 99110 100000 100000 100000
100000 89998 78429 71851 66679 62474 58917 55840 53142 50752 48623 46718 45013 43485 42121 40908 39838 38903 38098 37418 36860 36419 36091 35875 35767 35767 35875 36091 36419 36860 37418 38098 38903 39838 40908 42121 43485 45013 46718 48623 50752 53142 55840 58917 62474 66679 71851 78429 89998 100000
100000 78422 69585 63988 59638 56016 52903 50180 47767 45614 43682 41945 40381 38977 37718 36598 35609 34747 34005 33382 32871 32470 32173 31977 31880 31880 31977 32173 32470 32871 33382 34005 34747 35609 36598 37718 38977 40381 41945 43682 45614 47767 50180 52903 56016 59638 63988 69585 78422 100000
99154 71844 63988 59054 55155 51870 49021 46509 44270 42260 40449 38813 37336 36006 34812 33749 32810 31992 31292 30705 30226 29852 29576 29394 29305 29305 29394 29576 29852 30226 30705 31292 31992 32810 33749 34812 36006 37336 38813 40449 42260 44270 46509 49021 51870 55155 59054 63988 71844 99154
90635 66672 59638 55155 51577 48537 45884 43531 41424 39525 37807 36252 34844 33573 32432 31415 30519 29740 29076 28522 28073 27724 27468 27300 27217 27217 27300 27468 27724 28073 28522 29076 29740 30519 31415 32432 33573 34844 36252 37807 39525 41424 43531 45884 48537 51577 55155 59638 66672 90635
84080 62468 56016 51869 48537 45689 43191 40966 38965 37157 35517 34029 32679 31459 30364 29389 28532 27791 27162 26642 26223 25899 25663 25510 25434 25434 25510 25663 25899 26223 26642 27162 27791 28532 29389 30364 31459 32679 34029 35517 37157 38965 40966 43191 45689 48537 51869 56016 62468 84080
78770 58911 52903 49021 45884 43191 40818 38699 36788 35057 33483 32052 30754 29580 28526 27590 26772 26068 25476 24989 24601 24304 24089 23950 23881 23881 23950 24089 24304 24601 24989 25476 26068 26772 27590 28526 29580 30754 32052 33483 35057 36788 38699 40818 43191 45884 49021 52903 58911 78770
74326 55835 50180 46509 43531 40966 38699 36668 34834 33168 31652 30273 29020 27887 26872 25975 25194 24529 23974 23524 23168 22898 22704 22580 22519 22519 22580 22704 22898 23168 23524 23974 24529 25194 25975 26872 27887 29020 30273 31652 33168 34834 36668 38699 40966 43531 46509 50180 55835 74326
70528 53137 47767 44270 41424 38965 36788 34834 33065 31457 29992 28658 27446 26352 25375 24516 23775 23150 22635 22221 21899 21656 21484 21374 21320 21320 21374 21484 21656 21899 22221 22635 23150 23775 24516 25375 26352 27446 28658 29992 31457 33065 34834 36788 38965 41424 44270 47767 53137 70528
67233 50747 45614 42260 39525 37157 35057 33168 31457 29900 28480 27187 26013 24956 24017 23197 22498 21915 21441 21065 20776 20561 20409 20313 20266 20266 20313 20409 20561 20776 21065 21441 21915 22498 23197 24017 24956 26013 27187 28480 29900 31457 33168 35057 37157 39525 42260 45614 50747 67233
64347 48618 43682 40449 37807 35517 33483 31652 29992 28480 27102 25846 24709 23689 22788 22010 21355 20816 20384 20046 19789 19600 19469 19385 19345 19345 19385 19469 19600 19789 20046 20384 20816 21355 22010 22788 23689 24709 25846 27102 28480 29992 31652 33483 35517 37807 40449 43682 48618 64347
61801 46714 41945 38813 36252 34029 32052 30273 28658 27187 25846 24627 23525 22544 21685 20952 20342 19849 19459 19158 18932 18767 18653 18581 18547 18547 18581 18653 18767 18932 19158 19459 19849 20342 20952 21685 22544 23525 24627 25846 27187 28658 30273 32052 34029 36252 38813 41945 46714 61801
59546 45008 40381 37336 34844 32679 30754 29020 27446 26013 24709 23525 22462 21522 20708 20023 19461 19012 18662 18396 18197 18054 17956 17894 17865 17865 17894 17956 18054 18197 18396 18662 19012 19461 20023 20708 21522 22462 23525 24709 26013 27446 29020 30754 32679 34844 37336 40381 45008 59546
57546 43481 38977 36006 33573 31460 29580 27887 26352 24956 23689 22544 21522 20627 19862 19226 18711 18305 17992 17755 17581 17456 17371 17319 17294 17294 17319 17371 17456 17581 17755 17992 18305 18711 19226 19862 20627 21522 22544 23689 24956 26352 27887 29580 31460 33573 36006 38977 43481 57546
55771 42117 37718 34812 32432 30364 28526 26872 25375 24017 22788 21685 20708 19862 19147 18559 18088 17721 17440 17230 17076 16967 16893 16847 16825 16825 16847 16893 16967 17076 17230 17440 17721 18088 18559 19147 19862 20708 21685 22788 24017 25375 26872 28526 30364 32432 34812 37718 42117 55771
54202 40904 36598 33749 31415 29389 27590 25975 24516 23197 22010 20952 20023 19226 18559 18016 17585 17251 16997 16808 16671 16574 16509 16469 16450 16450 16469 16509 16574 16671 16808 16997 17251 17585 18016 18559 19226 20023 20952 22010 23197 24516 25975 27590 29389 31415 33749 36598 40904 54202
52820 39834 35609 32810 30519 28532 26772 25194 23775 22498 21355 20342 19461 18711 18088 17585 17188 16881 16650 16479 16355 16268 16209 16174 16157 16157 16174 16209 16268 16355 16479 16650 16881 17188 17585 18088 18711 19461 20342 21355 22498 23775 25194 26772 28532 30519 32810 35609 39834 52820
51615 38899 34747 31992 29740 27791 26068 24529 23150 21915 20816 19849 19012 18305 17721 17251 16881 16598 16384 16226 16113 16033 15980 15947 15932 15932 15947 15980 16033 16113 16226 16384 16598 16881 17251 17721 18305 19012 19849 20816 21915 23150 24529 26068 27791 29740 31992 34747 38899 51615
50575 38094 34005 31292 29076 27162 25476 23974 22635 21441 20384 19459 18662 17992 17440 16997 16650 16384 16184 16037 15931 15857 15808 15777 15763 15763 15777 15808 15857 15931 16037 16184 16384 16650 16997 17440 17992 18662 19459 20384 21441 22635 23974 25476 27162 29076 31292 34005 38094 50575
49695 37415 33382 30705 28522 26642 24989 23524 22221 21065 20046 19158 18396 17755 17230 16808 16479 16226 16037 15898 15797 15728 15681 15653 15639 15639 15653 15681 15728 15797 15898 16037 16226 16479 16808 17230 17755 18396 19158 20046 21065 22221 23524 24989 26642 28522 30705 33382 37415 49695
48968 36856 32871 30226 28073 26223 24601 23168 21899 20776 19789 18932 18197 17581 17076 16671 16355 16113 15931 15797 15702 15635 15590 15564 15551 15551 15564 15590 15635 15702 15797 15931 16113 16355 16671 17076 17581 18197 18932 19789 20776 21899 23168 24601 26223 28073 30226 32871 36856 48968
48391 36415 32470 29852 27724 25899 24304 22898 21656 20561 19600 18767 18054 17456 16967 16574 16268 16033 15857 15728 15635 15570 15527 15501 15489 15489 15501 15527 15570 15635 15728 15857 16033 16268 16574 16967 17456 18054 18767 19600 20561 21656 22898 24304 25899 27724 29852 32470 36415 48391
47961 36088 32173 29576 27468 25663 24089 22704 21484 20409 19469 18653 17956 17371 16893 16509 16209 15980 15808 15681 15590 15527 15485 15460 15448 15448 15460 15485 15527 15590 15681 15808 15980 16209 16509 16893 17371 17956 18653 19469 20409 21484 22704 24089 25663 27468 29576 32173 36088 47961
47675 35871 31977 29394 27300 25510 23950 22580 21374 20313 19385 18581 17894 17319 16847 16469 16173 15947 15777 15653 15564 15501 15460 15435 15423 15423 15435 15460 15501 15564 15653 15777 15947 16173 16469 16847 17319 17894 18581 19385 20313 21374 22580 23950 25510 27300 29394 31977 35871 47675
47533 35763 31880 29305 27217 25434 23881 22519 21320 20266 19345 18547 17865 17294 16825 16450 16157 15932 15763 15639 15551 15489 15448 15423 15412 15412 15423 15448 15489 15551 15639 15763 15932 16157 16450 16825 17294 17865 18547 19345 20266 21320 22519 23881 25434 27217 29305 31880 35763 47533
47533 35763 31880 29305 27217 25434 23881 22519 21320 20266 19345 18547 17865 17294 16825 16450 16157 15932 15763 15639 15551 15489 15448 15423 15412 15412 15423 15448 15489 15551 15639 15763 15932 16157 16450 16825 17294 17865 18547 19345 20266 21320 22519 23881 25434 27217 29305 31880 35763 47533
47675 35871 31977 29394 27300 25510 23950 22580 21374 20313 19385 18581 17894 17319 16847 16469 16173 15947 15777 15653 15564 15501 15460 15435 15423 15423 15435 15460 15501 15564 15653 15777 15947 16173 16469 16847 17319 17894 18581 19385 20313 21374 22580 23950 25510 27300 29394 31977 35871 47675
47961 36088 32173 29576 27468 25663 24089 22704 21484 20409 19469 18653 17956 17371 16893 16509 16209 15980 15808 15681 15590 15527 15485 15460 15448 15448 15460 15485 15527 15590 15681 15808 15980 16209 16509 16893 17371 17956 18653 19469 20409 21484 22704 24089 25663 27468 29576 32173 36088 47961
48391 36415 32470 29852 27724 25899 24304 22898 21656 20561 19600 18767 18054 17456 16967 16574 16268 16033 15857 15728 15635 15570 15527 15501 15489 15489 15501 15527 15570 15635 15728 15857 16033 16268 16574 16967 17456 18054 18767 19600 20561 21656 22898 24304 25899 27724 29852 32470 36415 48391
48968 36856 32871 30226 28073 26223 24601 23168 21899 20776 19789 18932 18197 17581 17076 16671 16355 16113 15931 15797 15702 15635 15590 15564 15551 15551 15564 15590 15635 15702 15797 15931 16113 16355 16671 17076 17581 18197 18932 19789 20776 21899 23168 24601 26223 28073 30226 32871 36856 48968
49695 37415 33382 30705 28522 26642 24989 23524 22221 21065 20046 19158 18396 17755 17230 16808 16479 16226 16037 15898 15797 15728 15681 15653 15639 15639 15653 15681 15728 15797 15898 16037 16226 16479 16808 17230 17755 18396 19158 20046 21065 22221 23524 24989 26642 28522 30705 33382 37415 49695
50575 38094 34005 31292 29076 27162 25476 23974 22635 21441 20384 19459 18662 17992 17440 16997 16650 16384 16184 16037 15931 15857 15808 15777 15763 15763 15777 15808 15857 15931 16037 16184 16384 16650 16997 17440 17992 18662 19459 20384 21441 22635 23974 25476 27162 29076 31292 34005 38094 50575
51615 38899 34747 31992 29740 27791 26068 24529 23150 21915 20816 19849 19012 18305 17721 17251 16881 16598 16384 16226 16113 16033 15980 15947 15932 15932 15947 15980 16033 16113 16226 16384 16598 16881 17251 17721 18305 19012 19849 20816 21915 23150 24529 26068 27791 29740 31992 34747 38899 51615
52820 39834 35609 32810 30519 28532 26772 25194 23775 22498 21355 20342 19461 18711 18088 17585 17188 16881 16650 16479 16355 16268 16209 16174 16157 16157 16174 16209 16268 16355 16479 16650 16881 17188 17585 18088 18711 19461 20342 21355 22498 23775 25194 26772 28532 30519 32810 35609 39834 52820
54202 40904 36598 33749 31415 29389 27590 25975 24516 23197 22010 20952 20023 19226 18559 18016 17585 17251 16997 16808 16671 16574 16509 16469 16450 16450 16469 16509 16574 16671 16808 16997 17251 17585 18016 18559 19226 20023 20952 22010 23197 24516 25975 27590 29389 31415 33749 36598 40904 54202
55771 42117 37718 34812 32432 30364 28526 26872 25375 24017 22788 21685 20708 19862 19147 18559 18088 17721 17440 17230 17076 16967 16893 16847 16825 16825 16847 16893 16967 17076 17230 17440 17721 18088 18559 19147 19862 20708 21685 22788 24017 25375 26872 28526 30364 32432 34812 37718 42117 55771
57546 43481 38977 36006 33573 31460 29580 27887 26352 24956 23689 22544 21522 20627 19862 19226 18711 18305 17992 17755 17581 17456 17371 17319 17294 17294 17319 17371 17456 17581 17755 17992 18305 18711 19226 19862 20627 21522 22544 23689 24956 26352 27887 29580 31460 33573 36006 38977 43481 57546
59546 45008 40381 37336 34844 32679 30754 29020 27446 26013 24709 23525 22462 21522 20708 20023 19461 19012 18662 18396 18197 18054 17956 17894 17865 17865 17894 17956 18054 18197 18396 18662 19012 19461 20023 20708 21522 22462 23525 24709 26013 27446 29020 30754 32679 34844 37336 40381 45008 59546
61801 46714 41945 38813 36252 34029 32052 30273 28658 27187 25846 24627 23525 22544 21685 20952 20342 19849 19459 19158 18932 18767 18653 18581 18547 18547 18581 18653 18767 18932 19158 19459 19849 20342 20952 21685 22544 23525 24627 25846 27187 28658 30273 32052 34029 36252 38813 41945 46714 61801
64347 48618 43682 40449 37807 35517 33483 31652 29992 28480 27102 25846 24709 23689 22788 22010 21355 20816 20384 20046 19789 19600 19469 19385 19345 19345 19385 19469 19600 19789 20046 20384 20816 21355 22010 22788 23689 24709 25846 27102 28480 29992 31652 33483 35517 37807 40449 43682 48618 64347
67233 50747 45614 42260 39525 37157 35057 33168 31457 29900 28480 27187 26013 24956 24017 23197 22498 21915 21441 21065 20776 20561 20409 20313 20266 20266 20313 20409 20561 20776 21065 21441 21915 22498 23197 24017 24956 26013 27187 28480 29900 31457 33168 35057 37157 39525 42260 45614 50747 67233
70528 53137 47767 44270 41424 38965 36788 34834 33065 31457 29992 28658 27446 26352 25375 24516 23775 23150 22635 22221 21899 21656 21484 21374 21320 21320 21374 21484 21656 21899 22221 22635 23150 23775 24516 25375 26352 27446 28658 29992 31457 33065 34834 36788 38965 41424 44270 47767 53137 70528
74326 55835 50180 46509 43531 40966 38699 36668 34834 33168 31652 30273 29020 27887 26872 25975 25194 24529 23974 23524 23168 22898 22704 22580 22519 22519 22580 22704 22898 23168 23524 23974 24529 25194 25975 26872 27887 29020 30273 31652 33168 34834 36668 38699 40966 43531 46509 50180 55835 74326
78770 58911 52903 49021 45884 43191 40818 38699 36788 35057 33483 32052 30754 29580 28526 27590 26772 26068 25476 24989 24601 24304 24089 23950 23881 23881 23950 24089 24304 24601 24989 25476 26068 26772 27590 28526 29580 30754 32052 33483 35057 36788 38699 40818 43191 45884 49021 52903 58911 78770
84080 62468 56016 51869 48537 45689 43191 40966 38965 37157 35517 34029 32679 31459 30364 29389 28532 27791 27162 26642 26223 25899 25663 25510 25434 25434 25510 25663 25899 26223 26642 27162 27791 28532 29389 30364 31459 32679 34029 35517 37157 38965 40966 43191 45689 48537 51869 56016 62468 84080
90635 66672 59638 55155 51577 48537 45884 43531 41424 39525 37807 36252 34844 33573 32432 31415 30519 29740 29076 28522 28073 27724 27468 27300 27217 27217 27300 27468 27724 28073 28522 29076 29740 30519 31415 32432 33573 34844 36252 37807 39525 41424 43531 45884 48537 51577 55155 59638 66672 90635
99154 71844 63988 59054 55155 51870 49021 46509 44270 42260 40449 38813 37336 36006 34812 33749 32810 31992 31292 30705 30226 29852 29576 29394 29305 29305 29394 29576 29852 30226 30705 31292 31992 32810 33749 34812 36006 37336 38813 40449 42260 44270 46509 49021 51870 55155 59054 63988 71844 99154
100000 78422 69585 63988 59638 56016 52903 50180 47767 45614 43682 41945 40381 38977 37718 36598 35609 34747 34005 33382 32871 32470 32173 31977 31880 31880 31977 32173 32470 32871 33382 34005 34747 35609 36598 37718 38977 40381 41945 43682 45614 47767 50180 52903 56016 59638 63988 69585 78422 100000
100000 89998 78429 71851 66679 62474 58917 55840 53142 50752 48623 46718 45013 43485 42121 40908 39838 38903 38098 37418 36860 36419 36091 35875 35767 35767 35875 36091 36419 36860 37418 38098 38903 39838 40908 42121 43485 45013 46718 48623 50752 53142 55840 58917 62474 66679 71851 78429 89998 100000
100000 100000 100000 99110 90597 84047 78739 74298 70502 67209 64323 61779 59525 57525 55751 54182 52801 51596 50557 49677 48951 48374 47944 47658 47516 47516 47658 47944 48374 48951 49677 50557 51596 52801 54182 55751 57525 59525 61779 64323 67209 70502 74298 78739 84047 90597 99110 100000 100000 100000
