100000 13398 18297 23845 29024 33148 36664 40170 43887 47819 52156 56907 62268 68061 74863 82502 91178 100000 100000 100000 100000 100000 100000 100000 100000 100000 100000 100000 100000 100000 100000 100000 100000 100000 100000 100000 100000 100000 100000 100000 100000 100000 100000 100000 100000 100000 100000 100000 100000 100000
5318 6371 7065 7515 7789 7938 8016 8064 8107 8159 8232 8334 8474 8661 8904 9212 9595 10068 10651 11370 12253 13331 14641 16225 18133 20420 23149 26391 30219 34715 39963 46056 53099 61203 70533 81157 93675 100000 100000 100000 100000 100000 100000 100000 100000 100000 100000 100000 100000 100000
4934 5907 6556 6979 7228 7356 7417 7449 7474 7505 7548 7612 7705 7838 8021 8266 8583 8983 9482 10103 10871 11817 12972 14374 16067 18101 20537 23439 26880 30937 35692 41236 47664 55078 63627 73369 84804 97184 100000 100000 100000 100000 100000 100000 100000 100000 100000 100000 100000 100000
4597 5502 6115 6512 6740 6853 6903 6926 6941 6958 6982 7019 7077 7164 7294 7479 7733 8070 8501 9046 9731 10583 11636 12925 14491 16383 18657 21374 24601 28412 32886 38109 44173 51174 59251 68451 79257 90908 100000 100000 100000 100000 100000 100000 100000 100000 100000 100000 100000 100000
4313 5187 5775 6158 6377 6482 6526 6545 6556 6566 6580 6602 6638 6695 6784 6918 7114 7389 7759 8238 8850 9622 10586 11777 13236 15010 17152 19722 22786 26413 30679 35665 41460 48154 55879 64684 75008 86164 100000 100000 100000 100000 100000 100000 100000 100000 100000 100000 100000 100000
4126 4926 5504 5880 6091 6191 6233 6249 6258 6264 6273 6287 6309 6347 6407 6503 6651 6871 7183 7604 8156 8862 9755 10869 12243 13924 15964 18423 21365 24856 28971 33787 39388 45861 53332 61843 71824 82587 96833 100000 100000 100000 100000 100000 100000 100000 100000 100000 100000 100000
3936 4724 5299 5671 5878 5975 6014 6029 6036 6041 6047 6056 6071 6097 6140 6211 6325 6501 6763 7134 7635 8289 9126 10177 11483 13090 15050 17421 20267 23654 27653 32340 37797 44106 51388 59685 69408 79898 93734 100000 100000 100000 100000 100000 100000 100000 100000 100000 100000 100000
3835 4573 5151 5521 5726 5819 5857 5871 5877 5882 5886 5892 5903 5922 5956 6011 6102 6247 6471 6801 7262 7876 8670 9676 10932 12485 14386 16694 19471 22784 26702 31299 36655 42849 49999 58144 67688 77975 91550 100000 100000 100000 100000 100000 100000 100000 100000 100000 100000 100000
3735 4475 5055 5425 5628 5720 5756 5769 5775 5779 5783 5788 5797 5812 5840 5886 5964 6090 6289 6590 7023 7611 8376 9352 10575 12091 13953 16219 18951 22215 26080 30619 35909 42029 49095 57143 66571 76734 90127 100000 100000 100000 100000 100000 100000 100000 100000 100000 100000 100000
3707 4425 5007 5377 5580 5671 5706 5720 5726 5729 5732 5737 5745 5759 5784 5826 5898 6015 6201 6488 6907 7480 8232 9192 10398 11897 13740 15984 18694 21934 25774 30284 35542 41627 48652 56652 66024 76124 89435 100000 100000 100000 100000 100000 100000 100000 100000 100000 100000 100000
3707 4425 5007 5377 5580 5671 5706 5720 5726 5729 5732 5737 5745 5759 5784 5826 5898 6015 6201 6488 6907 7480 8232 9192 10398 11897 13740 15984 18694 21934 25774 30284 35542 41627 48652 56652 66024 76124 89435 100000 100000 100000 100000 100000 100000 100000 100000 100000 100000 100000
3735 4475 5055 5425 5628 5720 5756 5769 5775 5779 5783 5788 5797 5812 5840 5886 5964 6090 6289 6590 7023 7611 8376 9352 10575 12091 13953 16219 18951 22215 26080 30619 35909 42029 49095 57143 66571 76734 90127 100000 100000 100000 100000 100000 100000 100000 100000 100000 100000 100000
3835 4573 5151 5521 5726 5819 5857 5871 5877 5882 5886 5892 5903 5922 5956 6011 6102 6247 6471 6801 7262 7876 8670 9676 10932 12485 14386 16694 19471 22784 26702 31299 36655 42849 49999 58144 67688 77975 91550 100000 100000 100000 100000 100000 100000 100000 100000 100000 100000 100000
3936 4724 5299 5671 5878 5975 6014 6029 6036 6041 6047 6056 6071 6097 6140 6211 6325 6501 6763 7134 7635 8289 9126 10177 11483 13090 15050 17421 20267 23654 27653 32340 37797 44106 51388 59685 69408 79898 93734 100000 100000 100000 100000 100000 100000 100000 100000 100000 100000 100000
4126 4926 5504 5880 6091 6191 6233 6249 6258 6264 6273 6287 6309 6347 6407 6503 6651 6871 7183 7604 8156 8862 9755 10869 12243 13924 15964 18423 21365 24856 28971 33787 39388 45861 53332 61843 71824 82587 96833 100000 100000 100000 100000 100000 100000 100000 100000 100000 100000 100000
4313 5187 5775 6158 6377 6482 6526 6545 6556 6566 6580 6602 6638 6695 6784 6918 7114 7389 7759 8238 8850 9622 10586 11777 13236 15010 17152 19722 22786 26413 30679 35665 41460 48154 55879 64684 75008 86164 100000 100000 100000 100000 100000 100000 100000 100000 100000 100000 100000 100000
4597 5502 6115 6512 6740 6853 6903 6926 6941 6958 6982 7019 7077 7164 7294 7479 7733 8070 8501 9046 9731 10583 11636 12925 14491 16383 18657 21374 24601 28412 32886 38109 44173 51174 59251 68451 79257 90908 100000 100000 100000 100000 100000 100000 100000 100000 100000 100000 100000 100000
4934 5907 6556 6979 7228 7356 7417 7449 7474 7505 7548 7612 7705 7838 8021 8266 8583 8983 9482 10103 10871 11817 12972 14374 16067 18101 20537 23439 26880 30937 35692 41236 47664 55078 63627 73369 84804 97184 100000 100000 100000 100000 100000 100000 100000 100000 100000 100000 100000 100000
5318 6371 7065 7515 7789 7938 8016 8064 8107 8159 8232 8334 8474 8661 8904 9212 9595 10068 10651 11370 12253 13331 14641 16225 18133 20420 23149 26391 30219 34715 39963 46056 53099 61203 70533 81157 93675 100000 100000 100000 100000 100000 100000 100000 100000 100000 100000 100000 100000 100000
100000 13398 18297 23845 29024 33148 36664 40170 43887 47819 52156 56907 62268 68061 74863 82502 91178 100000 100000 100000 100000 100000 100000 100000 100000 100000 100000 100000 100000 100000 100000 100000 100000 100000 100000 100000 100000 100000 100000 100000 100000 100000 100000 100000 100000 100000 100000 100000 100000 100000
